360.000000  0.374000
360.500000  0.897000
361.000000  0.795000
361.500000  0.651000
362.000000  0.448000
362.500000  0.632000
363.000000  0.754000
363.500000  0.897000
364.000000  0.775000
364.500000  0.632000
365.000000  0.712000
365.500000  0.753000
366.000000  0.835000
366.500000  0.570000
367.000000  0.876000
367.500000  1.100000
368.000000  0.996000
368.500000  0.915000
369.000000  0.916000
369.500000  1.058000
370.000000  1.565000
370.500000  1.363000
371.000000  1.485000
371.500000  1.423000
372.000000  1.810000
372.500000  1.727000
373.000000  1.749000
373.500000  1.893000
374.000000  2.178000
374.500000  2.442000
375.000000  2.853000
375.500000  2.913000
376.000000  3.150000
376.500000  3.112000
377.000000  3.029000
377.500000  3.476000
378.000000  3.988000
378.500000  4.193000
379.000000  4.657000
379.500000  4.668000
380.000000  4.930000
380.500000  4.780000
381.000000  5.237000
381.500000  5.572000
382.000000  6.408000
382.500000  6.926000
383.000000  7.437000
383.500000  7.862000
384.000000  8.005000
384.500000  8.394000
385.000000  9.135999
385.500000  9.872000
386.000000  10.428000
386.500000  11.405000
387.000000  11.932000
387.500000  12.592000
388.000000  13.440000
388.500000  14.138000
389.000000  14.310000
389.500000  15.395000
390.000000  16.137000
390.500000  17.210000
391.000000  17.977000
391.500000  19.560000
392.000000  20.068000
392.500000  20.342000
393.000000  21.313000
393.500000  22.078000
394.000000  23.779000
394.500000  23.586000
395.000000  24.662000
395.500000  25.275000
396.000000  25.563000
396.500000  25.905000
397.000000  26.972000
397.500000  27.545000
398.000000  29.180000
398.500000  28.595000
399.000000  30.114000
399.500000  30.252000
400.000000  30.424000
400.500000  31.239000
401.000000  31.059000
401.500000  31.568000
402.000000  31.575000
402.500000  32.116000
403.000000  32.222000
403.500000  32.562000
404.000000  33.397000
404.500000  33.004000
405.000000  33.107000
405.500000  32.569000
406.000000  33.900000
406.500000  33.014000
407.000000  33.035000
407.500000  33.749000
408.000000  35.061000
408.500000  35.334000
409.000000  34.994000
409.500000  35.098000
410.000000  35.551000
410.500000  34.392000
411.000000  35.798000
411.500000  36.131000
412.000000  35.503000
412.500000  34.931000
413.000000  35.998000
413.500000  37.195000
414.000000  35.927000
414.500000  35.063000
415.000000  35.075000
415.500000  36.235000
416.000000  36.102000
416.500000  36.147000
417.000000  36.241000
417.500000  35.917000
418.000000  35.540000
418.500000  37.208000
419.000000  37.236000
419.500000  36.981000
420.000000  36.955000
420.500000  37.362000
421.000000  36.512000
421.500000  36.800000
422.000000  36.781000
422.500000  36.769000
423.000000  35.687000
423.500000  36.110000
424.000000  35.991000
424.500000  36.538000
425.000000  35.874000
425.500000  36.103000
426.000000  36.709000
426.500000  36.798000
427.000000  36.424000
427.500000  35.307000
428.000000  35.134000
428.500000  34.886000
429.000000  34.339000
429.500000  34.613000
430.000000  33.754000
430.500000  33.940000
431.000000  33.865000
431.500000  32.725000
432.000000  32.893000
432.500000  33.089000
433.000000  31.854000
433.500000  32.192000
434.000000  30.897000
434.500000  31.084000
435.000000  31.124000
435.500000  30.701000
436.000000  30.325000
436.500000  29.700000
437.000000  29.896000
437.500000  30.333000
438.000000  28.870000
438.500000  28.935000
439.000000  28.438000
439.500000  27.621000
440.000000  27.241000
440.500000  27.219000
441.000000  26.926000
441.500000  26.208000
442.000000  26.589000
442.500000  26.165000
443.000000  25.670000
443.500000  25.124000
444.000000  24.529000
444.500000  24.246000
445.000000  23.106000
445.500000  24.413000
446.000000  23.067000
446.500000  22.722000
447.000000  22.249000
447.500000  21.979000
448.000000  22.226000
448.500000  21.442000
449.000000  21.201000
449.500000  20.931000
450.000000  20.434000
450.500000  19.324000
451.000000  18.977000
451.500000  18.755000
452.000000  18.833000
452.500000  17.705000
453.000000  17.890000
453.500000  17.277000
454.000000  16.983000
454.500000  16.869000
455.000000  17.120000
455.500000  15.743000
456.000000  15.864000
456.500000  16.043000
457.000000  15.786000
457.500000  14.841000
458.000000  15.086000
458.500000  14.437000
459.000000  14.182000
459.500000  14.334000
460.000000  13.809000
460.500000  13.334000
461.000000  13.107000
461.500000  13.043000
462.000000  12.727000
462.500000  12.588000
463.000000  12.848000
463.500000  12.181000
464.000000  11.608000
464.500000  10.975000
465.000000  11.152000
465.500000  11.478000
466.000000  11.107000
466.500000  10.900000
467.000000  10.765000
467.500000  10.859000
468.000000  10.827000
468.500000  10.413000
469.000000  10.236000
469.500000  9.817000
470.000000  9.560000
470.500000  8.959000
471.000000  9.190000
471.500000  9.111000
472.000000  9.045000
472.500000  8.694000
473.000000  8.202000
473.500000  7.955000
474.000000  8.484999
474.500000  8.035000
475.000000  8.004000
475.500000  7.577000
476.000000  7.421000
476.500000  7.080000
477.000000  7.058000
477.500000  7.309000
478.000000  7.323000
478.500000  7.110000
479.000000  7.118000
479.500000  6.789000
480.000000  6.825000
480.500000  6.930000
481.000000  6.606000
481.500000  6.384000
482.000000  6.710000
482.500000  6.395000
483.000000  6.373000
483.500000  6.335000
484.000000  6.428000
484.500000  6.135000
485.000000  5.850000
485.500000  5.635000
486.000000  5.542000
486.500000  5.799000
487.000000  5.857000
487.500000  5.808000
488.000000  5.880000
488.500000  5.819000
489.000000  5.497000
489.500000  5.186000
490.000000  5.271000
490.500000  5.251000
491.000000  5.139000
491.500000  5.043000
492.000000  4.947000
492.500000  4.863000
493.000000  4.860000
493.500000  4.793000
494.000000  4.618000
494.500000  4.832000
495.000000  4.709000
495.500000  4.707000
496.000000  5.170000
496.500000  4.759000
497.000000  4.793000
497.500000  4.937000
498.000000  4.900000
498.500000  4.925000
499.000000  4.380000
499.500000  4.449000
500.000000  4.490000
500.500000  4.653000
501.000000  4.514000
501.500000  4.036000
502.000000  4.311000
502.500000  4.130000
503.000000  4.026000
503.500000  3.946000
504.000000  3.984000
504.500000  4.101000
505.000000  3.924000
505.500000  3.846000
506.000000  3.830000
506.500000  3.687000
507.000000  3.419000
507.500000  3.405000
508.000000  3.652000
508.500000  3.673000
509.000000  3.731000
509.500000  3.648000
510.000000  3.592000
510.500000  3.409000
511.000000  3.687000
511.500000  3.792000
512.000000  3.533000
512.500000  3.428000
513.000000  3.345000
513.500000  3.426000
514.000000  3.628000
514.500000  3.121000
515.000000  3.142000
515.500000  3.503000
516.000000  3.289000
516.500000  3.083000
517.000000  3.242000
517.500000  3.160000
518.000000  2.895000
518.500000  3.152000
519.000000  3.214000
519.500000  3.070000
520.000000  2.934000
520.500000  3.296000
521.000000  3.090000
521.500000  2.888000
522.000000  2.767000
522.500000  2.890000
523.000000  2.829000
523.500000  3.133000
524.000000  2.712000
524.500000  2.630000
525.000000  2.609000
525.500000  2.592000
526.000000  2.872000
526.500000  2.991000
527.000000  2.728000
527.500000  2.383000
528.000000  2.668000
528.500000  2.746000
529.000000  2.462000
529.500000  2.505000
530.000000  2.084000
530.500000  2.345000
531.000000  2.388000
531.500000  2.204000
532.000000  2.168000
532.500000  2.312000
533.000000  2.248000
533.500000  2.266000
534.000000  2.087000
534.500000  2.266000
535.000000  1.964000
535.500000  1.804000
536.000000  2.086000
536.500000  1.966000
537.000000  2.170000
537.500000  2.247000
538.000000  1.883000
538.500000  1.743000
539.000000  1.843000
539.500000  1.862000
540.000000  1.620000
540.500000  1.640000
541.000000  1.800000
541.500000  1.982000
542.000000  1.518000
542.500000  1.942000
543.000000  1.940000
543.500000  1.677000
544.000000  1.857000
544.500000  1.640000
545.000000  1.698000
545.500000  1.677000
546.000000  1.881000
546.500000  1.722000
547.000000  1.699000
547.500000  1.575000
548.000000  1.497000
548.500000  1.777000
549.000000  1.597000
549.500000  1.497000
550.000000  1.373000
550.500000  1.354000
551.000000  1.838000
551.500000  1.535000
552.000000  1.533000
552.500000  1.271000
553.000000  1.514000
553.500000  1.433000
554.000000  1.111000
554.500000  1.151000
555.000000  1.334000
555.500000  1.354000
556.000000  1.153000
556.500000  1.314000
557.000000  1.273000
557.500000  1.133000
558.000000  1.174000
558.500000  1.012000
559.000000  1.051000
559.500000  1.214000
560.000000  1.235000
560.500000  1.316000
561.000000  1.317000
561.500000  1.297000
562.000000  1.214000
562.500000  1.211000
563.000000  1.191000
563.500000  1.114000
564.000000  1.135000
564.500000  1.174000
565.000000  1.032000
565.500000  1.071000
566.000000  0.889000
566.500000  0.830000
567.000000  0.932000
567.500000  1.053000
568.000000  1.153000
568.500000  0.930000
569.000000  0.989000
569.500000  0.888000
570.000000  0.786000
570.500000  0.747000
571.000000  0.930000
571.500000  1.010000
572.000000  1.011000
572.500000  0.970000
573.000000  0.807000
573.500000  0.787000
574.000000  0.748000
574.500000  0.908000
575.000000  0.909000
575.500000  0.949000
576.000000  1.089000
576.500000  0.990000
577.000000  0.950000
577.500000  1.071000
578.000000  0.867000
578.500000  0.747000
579.000000  0.889000
579.500000  0.808000
580.000000  0.767000
580.500000  0.667000
581.000000  0.889000
581.500000  0.787000
582.000000  0.707000
582.500000  0.666000
583.000000  0.565999
583.500000  0.830000
584.000000  0.871000
584.500000  0.687999
585.000000  0.649000
585.500000  0.811000
586.000000  0.768000
586.500000  0.668000
587.000000  0.608000
587.500000  0.688999
588.000000  0.811000
588.500000  0.769000
589.000000  0.667000
589.500000  0.607000
590.000000  0.607000
590.500000  0.647000
591.000000  0.626000
591.500000  0.505000
592.000000  0.506000
592.500000  0.546000
593.000000  0.607000
593.500000  0.648000
594.000000  0.626000
594.500000  0.546000
595.000000  0.687000
595.500000  0.726000
596.000000  0.647000
596.500000  0.788000
597.000000  0.786000
597.500000  0.484000
598.000000  0.465000
598.500000  0.707000
599.000000  0.626000
599.500000  0.447000
600.000000  0.302000
